214.99117673743422 69.50855107965886
395.5915622133904 41.20605319474167
29.0 29.0
322.58592132505174 35.802277432712216
127.32476635514018 46.992990654205606
171.03833865814696 43.71086261980831
233.89220404234842 57.58710298363811
42.09831371301304 95.6108813235762
294.5 78.5
329.95986622073576 87.05574136008919
123.0 88.0
168.0625 111.6875
125.48253557567917 118.57826649417852
235.66951566951568 129.45014245014244
92.0 129.0
351.07602339181284 135.41455490578298
412.34738617200674 137.6087689713322
